$ 1 0.000005 10.20027730826997 50 5 43 5e-11
t 704 352 768 352 0 1 -11.396444203495879 0.24182920656709958 100 default
r 624 352 704 352 0 10000
g 768 432 768 448 0 0
t 832 240 912 240 0 -1 11.637175980024843 -0.36171486356393245 100 default
r 912 256 912 336 0 10000
g 912 368 912 400 0 0
w 1024 256 1136 256 2
r 768 240 832 240 0 10000
R 912 224 912 48 0 0 40 12 0 0 0.5
w 768 240 768 336 0
w 768 368 768 432 0
R 528 352 528 272 0 0 40 5 0 0 0.5
w 912 336 912 368 1
r 912 256 1024 256 0 47000
s 528 352 624 352 0 1 false
r 1024 256 1024 368 0 100000
g 1024 368 1024 400 0 0
