$ 1 0.000005 54.00526672067058 70 5 50 5e-11
t 208 128 256 128 0 1 0.5737753005900704 0.5950714191368915 100 default
r 256 16 256 112 0 100000
g 256 144 256 192 0 0
R 256 16 256 -32 0 0 40 12 0 0 0.5
r 208 128 112 128 0 10000
s 48 128 112 128 0 0 false
R 48 128 48 64 0 0 40 5 0 0 0.5
r 352 112 256 112 0 10000
R 400 0 400 -48 0 0 40 12 0 0 0.5
g 400 128 400 176 0 0
r 400 0 400 96 0 47000
t 352 112 400 112 0 1 -8.141968573365935 0.02129620095159579 100 default
w 512 96 560 0 0
r 512 96 512 160 0 100000
g 512 160 512 176 0 0
w 400 96 512 96 0
o 12 64 0 4099 20 0.00009765625 0 2 12 3
