$ 1 0.000005 18.278915558614752 50 5 43 5e-11
R 336 272 272 272 0 3 40 5 0 0 0.5
a 336 256 464 256 8 12 -12 1000000 -1.3119867972654558 -1.3119999171334285 100000
w 336 240 336 192 0
w 336 192 464 192 0
w 464 192 464 256 0
r 464 256 544 256 0 2000
r 464 304 544 304 0 2000
w 464 256 464 304 0
162 544 256 640 256 2 default-led 0 1 0 0.01
162 640 304 544 304 2 default-led 1 0 0 0.01
w 640 256 640 304 0
g 640 304 640 336 0 0
R 336 528 272 528 0 3 40 5 0 0 0.5
r 336 528 480 528 0 100000
t 480 528 544 528 0 1 -2.0087211649852823 0.614320151597727 100 default
r 544 416 544 512 0 3300
R 544 416 544 384 0 0 40 12 0 0 0.5
162 544 544 544 624 2 default-led 1 0 0 0.01
g 544 624 544 640 0 0
162 544 512 640 512 2 default-led 1 0 0 0.01
r 640 512 640 592 0 10000
g 640 592 640 624 0 0
174 512 416 448 448 1 100000 0.7178000000000001 Resistance
w 512 416 544 416 0
w 480 448 480 528 0
g 448 416 416 416 0 0
