$ 1 0.000015625 0.9487735836358526 75 5 50 5e-11
w 352 336 384 336 0
w 384 336 448 336 0
w 448 368 448 400 0
w 544 352 544 400 0
r 448 400 544 400 0 47000
r 448 400 448 464 0 47000
g 448 464 448 480 0 0
r 256 352 256 416 0 100000
g 256 416 256 432 0 0
w 256 320 256 272 0
w 256 320 224 320 0
r 224 320 144 320 0 100000
w 144 320 144 336 0
w 144 336 144 352 0
r 144 352 240 352 0 100000
w 240 352 256 352 0
w 224 320 224 448 0
r 224 448 224 496 0 100000
g 224 528 224 544 0 0
f 16 480 -32 480 0 1.5 0.02
w 544 512 544 400 0
c 256 272 352 272 0 3.3000000000000004e-8 3.914885435930204 0.001
w 352 272 352 336 0
R 16 288 -16 288 0 4 10 2 3 0 0.5
O 384 336 384 224 0 0
211 544 352 608 352 0 1 8000 1
t 272 512 224 512 0 1 -18.000786299604922 -12.000808355580267 100 default
r 272 512 544 512 0 10000
a 256 336 352 336 8 12 -12 1000000 5.9999791490628684 6 100000
a 448 352 544 352 8 12 -12 1000000 2.0850937131326646 -6.000404268888815 100000
R 144 320 144 256 0 0 40 12 0 0 0.5
r 176 448 176 496 0 100000
w 176 448 224 448 0
w 176 496 224 496 0
o 23 64 0 4098 5 0.00009765625 0 2 23 3 control
o 25 8 0 4098 20 0.00009765625 1 1
o 24 8 0 4098 10 0.00009765625 2 1
