$ 1 0.000005 10.20027730826997 50 5 43 5e-11
a 432 240 544 240 8 15 -15 1000000 -0.006323253405219052 -0.006323316637753104 100000
r 432 256 432 368 0 100000
g 432 368 432 384 0 0
c 432 256 336 256 0 1.0000000000000001e-7 0.013621785052514483 0.001
174 288 224 336 288 1 10000 0.47030000000000005 Volume
g 288 288 288 320 0 0
R 128 176 128 128 0 4 400 5 0 0 0.5
r 432 128 640 128 0 4700
c 432 176 544 176 0 1e-10 8.673617379884035e-18 0.001
w 432 128 432 176 0
w 432 176 432 224 0
w 544 176 544 240 0
r 544 240 640 240 0 100
w 640 128 640 240 0
w 640 240 752 192 0
w 160 224 288 224 0
174 128 176 160 256 1 10000 0.6683 Line Level
x 239 206 363 209 4 14 Main\svolume\s(A10k)
x -2 199 118 202 4 14 Max\sline\slevel\s(10k)
g 128 272 128 304 0 0
w 544 240 576 336 0
o 14 16 0 x8111a 5 0.1 0 4 1.25 0 14 3 0.025 0 20 0 1.25 0 20 3 0.025 0
