$ 1 0.000005 10.20027730826997 50 5 43 5e-11
a 368 224 496 224 9 15 -15 1000000 -0.1895497472339461 -0.18955164841791086 100000
r 496 224 496 320 0 150
r 496 320 368 320 0 4700
w 368 240 368 320 0
g 592 416 592 448 0 0
w 496 224 592 224 2
w 592 320 688 320 2
r 592 320 592 416 0 50000
w 496 320 592 320 0
c 368 368 496 368 0 1e-10 5.551115123125783e-17 0.001
w 368 368 368 320 0
w 496 368 496 320 0
a 592 48 720 48 9 15 -15 1000000 -0.1901164953106949 -0.19011839647564802 100000
r 592 32 496 32 0 50000
w 496 32 496 224 0
w 592 64 592 112 0
w 592 112 720 112 0
w 720 112 720 48 0
w 720 48 784 16 0
w 368 208 304 208 0
r 304 208 304 304 0 100000
g 304 304 304 336 0 0
c 304 208 224 208 0 0.000001 0.008350522481748446 0.001
174 208 176 224 240 1 10000 0.797 Resistance
R 208 176 208 112 0 4 200 5 0 0 0.5
g 208 240 208 272 0 0
w 48 144 96 144 0
g 48 144 48 176 0 0
w 48 64 96 64 0
w 96 64 304 64 0
w 304 64 304 208 0
162 48 64 48 144 2 default-led 1 0 0 0.01
162 96 144 96 64 2 default-led 1 0 0 0.01
o 6 16 0 12554 0.9975011370095135 0.0001 0 2 6 3
o 18 16 0 12554 1.0004836355841862 0.0001 1 2 18 3
