$ 1 0.000005 10.20027730826997 50 5 43 5e-11
a 336 208 464 208 8 12 -12 1000000 -0.6017769847622582 -0.6017830025321058 100000
R 176 256 112 256 0 4 400 5 0 0 0.5
w 336 128 336 192 0
w 464 128 464 208 0
174 176 192 208 256 1 10000 0.27230000000000004 Volume
g 128 192 128 208 0 0
w 336 128 464 128 0
w 208 224 336 224 0
r 464 208 576 208 0 1000
w 576 208 640 208 0
162 576 208 576 288 2 default-led 1 0 0 0.01
162 640 288 640 208 2 default-led 1 0 0 0.01
w 576 288 640 288 0
g 640 288 640 320 0 0
w 176 256 272 352 0
w 128 192 176 192 0
w 640 208 720 160 0
x 537 355 787 358 4 16 Simple\sLED\slimiter.\sVmax\s\q\s\p/-1.6V
o 14 16 0 x8111a 5 0.1 0 2 2 -1 14 3 0.025 0
o 16 16 0 x8111a 5 0.1 1 2 1.25 0 16 3 0.025 0
