$ 1 0.000005 10.20027730826997 75 5 43 5e-11
t 912 -144 976 -144 0 1 -9.926687335661219 0.21593595910603583 100 default
t 1104 -144 1040 -144 0 1 -9.931003228344892 0.21162065674229374 100 default
w 976 -128 976 -64 0
w 1040 -128 1040 -64 0
w 976 -64 1008 -64 0
w 1040 -64 1008 -64 0
r 912 -144 912 -64 0 100
g 912 -64 912 -48 0 0
r 912 -144 816 -144 0 100000
R 816 -144 768 -144 0 1 400 5 0 0 0.5
r 976 -224 976 -304 0 100000
r 1040 -192 1040 -304 0 100000
w 976 -304 1040 -304 0
R 1040 -304 1040 -352 0 0 40 12 0 0 0.5
w 976 -224 976 -160 0
w 1040 -192 1040 -160 0
a 1200 -208 1296 -208 8 15 -15 1000000 9.724107327477055 9.724107327754373 100000
r 1200 -224 976 -224 0 10000
r 1200 -192 1040 -192 0 10000
r 1200 -192 1200 -112 0 470000
g 1200 -112 1200 -96 0 0
g 1104 -144 1104 -112 0 0
w 1200 -224 1200 -272 0
w 1296 -208 1296 -272 0
r 1200 -272 1296 -272 0 470000
x 653 -138 737 -135 4 12 Audio\sin:\s10Vpp
w 704 192 560 192 0
R 320 144 288 144 0 0 40 -12 0 0 0.5
174 320 144 352 80 1 100000 0.6980000000000001 Bias
r 464 112 352 112 0 100000
r 464 256 464 320 0 2000
w 464 256 464 208 0
g 464 320 464 336 0 0
r 384 256 464 256 0 100000
R 384 256 384 224 0 0 40 12 0 0 0.5
x 499 60 653 78 4 12 Adjust\sthis\sresistor\sto\sset\sthe\s\\nslope\sof\sthe\sexpo\scurve
r 464 176 272 176 0 100000
w 560 112 560 192 0
w 464 112 464 176 0
r 464 112 560 112 0 2200
a 464 192 560 192 8 12 -12 1000000 0.2352926380206127 0.23529411764705885 100000
t 704 192 752 192 0 1 -11.852037355387438 0.5990301941855407 100 default
r 752 208 752 288 0 10000
R 752 288 752 320 0 0 40 -12 0 0 0.5
R 752 176 752 64 0 0 40 12 0 0 0.5
w 752 208 832 208 0
R 320 80 288 80 0 0 40 12 0 0 0.5
t 832 208 896 208 0 -1 11.10709671820325 -0.4510675495729786 100 default
g 944 144 944 176 0 0
w 944 144 896 144 0
w 896 144 896 192 0
r 896 224 896 416 0 56000
R 896 480 896 512 0 0 40 -12 0 0 0.5
t 944 464 896 464 0 1 0 0.23194993987221935 100 default
w 896 416 896 448 0
w 896 416 944 416 0
w 944 416 944 464 0
t 944 464 1008 464 0 1 -11.556429403385486 0.23194993987221935 100 default
w 1008 -64 1008 448 0
R 1008 480 1008 512 0 0 40 -12 0 0 0.5
174 848 464 784 416 1 500000 0.12380000000000002 Deafzone
w 816 416 896 416 0
w 784 464 784 416 0
w 784 416 816 416 0
R 848 464 848 528 0 0 40 -12 0 0 0.5
r 464 32 272 32 0 100000
w 464 32 464 112 0
R 240 0 176 0 0 2 70 2.5 2.5 0 0.5
174 240 64 272 0 1 100000 0.005 In1 Amount
g 240 64 240 96 0 0
g 240 208 240 240 0 0
174 240 208 272 144 1 100000 0.9653 In1 Amount
R 240 144 176 144 0 3 30 2.5 2.5 0 0.5
x 775 556 985 589 4 12 Deafzone:\seliminates\sminimum\scurrent\s\\noriginating\sfrom\sthe\sminimum\stransistor\s\\nbias
w 1296 -208 1360 -240 0
x 940 318 1050 351 4 12 Sets\sthe\smax\scurrent\\nfor\sthe\sdiff\spair\\n~190uA
o 72 16 0 x8111a 5 0.1 0 2 2 0 72 3 0.05 0
o 58 16 0 12553 0.0001 0.00010031564338579317 1 2 58 3
o 74 16 0 x8111a 5 0.1 2 4 2 0 74 3 0.025 0 9 0 1.25 0 9 3 0.025 0
