$ 1 0.000005 10.20027730826997 50 5 43 5e-11
a 176 176 272 176 8 12 -12 1000000 -0.2352922157389237 -0.23529411764705885 100000
r 176 96 272 96 0 2000
w 176 96 176 160 0
w 272 96 272 176 0
r 176 160 64 160 0 100000
R 64 160 -16 160 0 3 40 2.5 2.5 0 0.5
w 32 192 64 160 0
w 272 176 336 128 0
x 249 68 438 71 4 12 in:\s0-5V\s->\s-100-0mV\scan\sbe\sbiased
R 96 240 96 208 0 0 40 -12 0 0 0.5
r 96 240 176 240 0 100000
g 176 304 176 320 0 0
w 176 240 176 192 0
r 176 240 176 304 0 2000
r 176 96 64 96 0 100000
174 32 128 64 64 1 100000 0.6980000000000001 Bias
R 32 128 64 128 0 0 40 12 0 0 0.5
R 32 64 0 64 0 0 40 -12 0 0 0.5
w 416 176 272 176 0
w 592 176 640 112 0
t 416 176 464 176 0 -1 11.80980918648625 -0.5349956605930797 100 default
r 464 96 464 160 0 120000
R 464 96 464 64 0 0 40 12 0 0 0.5
t 464 160 592 160 0 1 -11.65519515292067 0.34419705311806964 100 default
r 592 176 592 256 0 10000
g 592 256 592 272 0 0
R 592 144 592 80 0 0 40 12 0 0 0.5
R 464 192 464 256 0 0 40 -12 0 0 0.5
x 654 110 940 113 4 12 There's\sa\sproblem\swith\simpedances,\sI\scan't\scrank\sit\sup
a 992 352 1088 352 8 12 -12 1000000 0 0 100000
r 832 336 992 336 0 100000
r 992 288 1088 288 0 2000000
w 992 288 992 336 0
w 1088 288 1088 352 0
g 992 368 992 400 0 0
o 6 16 0 4362 20 0.1 0 2 6 3
o 19 16 0 4362 0.009765625 0.1 1 2 19 3
