$ 1 0.000005 10.20027730826997 50 5 43 5e-11
R 176 176 144 176 0 3 40 2.5 2.5 0 0.5
w 176 176 160 112 0
r 176 176 320 176 0 10000
r 320 176 320 272 0 270
g 320 272 320 288 0 0
w 1184 -176 1216 -224 0
R 320 -16 320 -48 0 0 40 12 0 0 0.5
t 320 176 432 176 0 1 -11.56078830977595 0.43113231238797495 100 default
g 432 256 432 288 0 0
R 432 160 432 80 0 0 40 12 0 0 0.5
a 608 208 736 208 8 12 -12 1000000 0.000020350294656410264 0 100000
r 432 192 608 192 0 4700
g 608 224 608 256 0 0
r 608 128 736 128 0 1000000
w 608 128 608 192 0
R 512 48 512 32 0 0 40 -12 0 0 0.5
R 512 112 512 128 0 0 40 12 0 0 0.5
174 512 48 544 96 1 100000 0.5297000000000001 Leak
r 608 80 544 80 0 2200000
w 608 80 608 128 0
r 432 192 432 256 0 220000
t 800 -112 864 -112 0 1 -4.1746244551419975 0.5306745197705207 100 default
t 992 -112 928 -112 0 1 -4.300519541488404 0.5260455645797291 100 default
w 864 -96 864 -32 0
w 928 -96 928 -32 0
w 864 -32 896 -32 0
w 928 -32 896 -32 0
r 896 -32 896 224 0 10000
r 800 -112 800 -32 0 100
g 800 -32 800 -16 0 0
r 800 -112 704 -112 0 100000
R 704 -112 656 -112 0 1 400 5 0 0 0.5
r 864 -192 864 -272 0 100000
r 928 -160 928 -272 0 100000
w 864 -272 928 -272 0
R 928 -272 928 -320 0 0 40 12 0 0 0.5
w 864 -192 864 -128 0
w 928 -160 928 -128 0
a 1088 -176 1184 -176 8 15 -15 1000000 4.210868416636933 4.210925384374062 100000
r 1088 -192 864 -192 0 10000
r 1088 -160 928 -160 0 10000
r 1088 -160 1088 -80 0 470000
g 1088 -80 1088 -64 0 0
g 992 -112 992 -80 0 0
w 1088 -192 1088 -240 0
w 1184 -176 1184 -240 0
r 1088 -240 1184 -240 0 470000
r 320 64 320 -16 0 10000
w 896 224 944 176 0
x 121 101 169 104 4 12 CV:\s0-5V
x 541 -106 625 -103 4 12 Audio\sin:\s10Vpp
r 320 64 256 64 0 47000
174 224 32 256 80 1 100000 0.6188 CV bias
R 224 96 224 112 0 0 40 12 0 0 0.5
R 224 32 224 16 0 0 40 -12 0 0 0.5
w 320 64 320 176 0
x 466 21 559 24 4 12 Precision\strimmer
w 736 128 736 208 0
a 624 416 752 416 8 12 -12 1000000 0.00001585301531330778 0 100000
S 896 224 832 224 0 1 false 0 2
w 832 208 736 208 0
x 859 264 1036 267 4 12 Log/lin\s(only\sfor\stesting\spurposes)
w 752 416 832 416 0
w 832 416 832 240 0
r 624 352 752 352 0 33000
w 752 352 752 416 0
w 624 352 624 400 0
g 624 432 624 464 0 0
r 624 400 512 400 0 200000
R 512 400 480 400 0 3 40 5 5 0 0.5
o 1 16 0 4362 9.999999981729843 0.0001 0 4 1 3 48 0 48 3
o 5 16 0 12554 5.982814682996832 0.0001 1 2 5 3
