$ 1 0.000005 10.20027730826997 67 5 43 5e-11
t 912 -144 976 -144 0 1 -11.374278056964517 0.50021709162977 100 default
t 1104 -144 1040 -144 0 1 -11.383941982259273 0.49056097382192804 100 default
w 976 -128 976 -64 0
w 1040 -128 1040 -64 0
w 976 -64 1008 -64 0
w 1040 -64 1008 -64 0
r 912 -144 912 -64 0 470
g 912 -64 912 -48 0 0
r 912 -144 816 -144 0 100000
R 816 -144 768 -144 0 1 400 5 0 0 0.5
r 976 -224 976 -304 0 4700
r 1040 -192 1040 -304 0 4700
w 976 -304 1040 -304 0
R 1040 -304 1040 -352 0 0 40 12 0 0 0.5
w 976 -224 976 -160 0
w 1040 -192 1040 -160 0
a 1200 -208 1296 -208 8 15 -15 1000000 11.383853082629715 11.38386089011663 100000
r 1200 -192 1200 -112 0 100000
g 1200 -112 1200 -96 0 0
g 1104 -64 1104 -32 0 0
w 1200 -224 1200 -272 0
w 1296 -208 1296 -272 0
r 1200 -272 1296 -272 0 100000
x 653 -138 737 -135 4 12 Audio\sin:\s10Vpp
r 448 144 320 144 0 100000
w 608 80 608 160 0
w 512 80 512 144 0
r 512 80 608 80 0 33000
a 512 160 608 160 8 12 -12 1000000 0.0000019102791676372242 0 100000
r 448 0 320 0 0 100000
R 256 -32 192 -32 0 2 70 2.5 2.5 0 0.5
174 288 32 320 -32 1 100000 0.7376 In1 Amount
g 288 32 288 64 0 0
g 288 176 288 208 0 0
174 288 176 320 112 1 100000 0.9950000000000001 In1 Amount
R 288 112 224 112 0 3 30 4 4 0 0.5
x 1476 282 1586 315 4 12 Sets\sthe\smax\scurrent\\nfor\sthe\sdiff\spair\\n~420uA
w 1200 -224 976 -224 0
w 1200 -192 1040 -192 0
r 1104 -144 1104 -64 0 470
g 512 176 512 208 0 0
w 448 144 512 144 0
w 448 0 448 144 0
r 448 144 448 288 0 100000
174 480 320 416 288 1 100000 0.2921 Bias
R 416 320 416 368 0 0 40 -12 0 0 0.5
g 480 320 480 352 0 0
r 608 160 720 160 0 100000
t 720 160 800 160 1 1 -0.846334941128614 0.5846317593557596 100 default
g 800 176 800 224 0 0
r 1008 -64 1008 144 0 22000
w 800 144 1008 144 0
r 1008 144 1008 240 0 15000
R 1008 240 1008 288 0 0 40 -12 0 0 0.5
w 1296 -208 1360 -240 0
o 35 16 0 x8111a 5 0.1 0 2 2 0 35 3 0.05 0
o 9 16 0 x8111a 5 0.1 1 2 1.25 0 9 3 0.025 0
o 54 16 0 x8111a 5 0.1 2 2 1.25 0 54 3 0.025 0
