$ 1 0.000005 10.20027730826997 50 5 43 5e-11
t 912 -144 976 -144 0 1 -5.6597753877085735 0.5150107482654879 100 default
t 1104 -144 1040 -144 0 1 -5.581268617602367 0.5193704119942071 100 default
w 976 -128 976 -64 0
w 1040 -128 1040 -64 0
w 976 -64 1008 -64 0
w 1040 -64 1008 -64 0
r 1008 -64 1008 208 0 10000
r 912 -144 912 -64 0 100
g 912 -64 912 -48 0 0
r 912 -144 816 -144 0 100000
R 816 -144 768 -144 0 1 400 5 0 0 0.5
r 976 -224 976 -304 0 100000
r 1040 -192 1040 -304 0 100000
w 976 -304 1040 -304 0
R 1040 -304 1040 -352 0 0 40 12 0 0 0.5
w 976 -224 976 -160 0
w 1040 -192 1040 -160 0
a 1200 -208 1296 -208 8 15 -15 1000000 5.46502702048942 5.464992188068984 100000
r 1200 -224 976 -224 0 10000
r 1200 -192 1040 -192 0 10000
r 1200 -192 1200 -112 0 470000
g 1200 -112 1200 -96 0 0
g 1104 -144 1104 -112 0 0
w 1200 -224 1200 -272 0
w 1296 -208 1296 -272 0
r 1200 -272 1296 -272 0 470000
x 653 -138 737 -135 4 12 Audio\sin:\s10Vpp
w 352 192 208 192 0
R -32 144 -64 144 0 0 40 -12 0 0 0.5
174 -32 144 0 80 1 100000 0.8762000000000001 Bias
r 112 112 0 112 0 47000
r 112 256 112 320 0 2000
w 112 256 112 208 0
g 112 320 112 336 0 0
r 32 256 112 256 0 100000
R 32 256 32 224 0 0 40 12 0 0 0.5
x 185 84 296 87 4 12 in:\s0-5V\s->\s-160-0mV
R 0 176 -128 176 0 3 40 2.5 2.5 0 0.5
r 112 176 0 176 0 100000
w 208 112 208 192 0
w 112 112 112 176 0
r 112 112 208 112 0 3300
a 112 192 208 192 8 12 -12 1000000 0.2352922451461556 0.23529411764705885 100000
t 352 192 400 192 0 1 -0.33754206284574917 0.5991186749864693 100 default
r 400 208 400 288 0 10000
R 400 288 400 320 0 0 40 -12 0 0 0.5
R 400 112 400 64 0 0 40 12 0 0 0.5
a 688 208 800 208 8 15 -15 1000000 0.000014987333924449719 0 100000
r 688 128 800 128 0 100000
w 688 128 688 192 0
w 800 128 800 208 0
w 800 208 1008 208 0
r 400 112 400 176 0 10000
w 0 176 48 128 0
w 208 192 272 144 0
t 480 176 528 176 0 1 -11.475207846827836 0.49180470148310435 100 default
w 400 176 480 176 0
r 528 192 528 272 0 10000
g 528 272 528 288 0 0
R 528 160 528 48 0 0 40 12 0 0 0.5
w 528 192 592 144 0
r 528 192 688 192 0 2200
g 688 224 688 256 0 0
w 800 208 896 112 0
w 1344 -272 1296 -208 0
g -32 80 -64 80 0 0
w 400 208 464 160 0
o 53 16 0 12554 4.999999995407963 0.0001 0 6 53 3 63 0 63 3 64 0 64 3
o 54 16 0 12554 0.42286590656755646 0.0001 1 4 54 3 66 0 66 3
o 60 16 0 12554 0.03912533481325277 0.0001 2 2 60 3
