$ 1 0.000005 10.20027730826997 50 5 43 5e-11
a 576 368 656 368 8 12 -12 1000000 0 0 100000
t 656 192 688 192 0 1 0 0 100 default
w 688 176 688 112 0
w 576 112 576 304 0
g 576 384 576 416 0 0
r 576 112 576 48 0 1000000
R 576 48 576 0 0 0 40 12 0 0 0.5
r 720 272 720 368 0 1200
x 777 262 1041 265 4 11 The\svoltage\schange\shere\sis\sequal\sto\sthe\schange\son\sVb
t 784 192 752 192 0 1 0 0 100 default
w 688 208 688 240 0
w 752 240 752 208 0
w 720 272 720 240 1
w 688 240 720 240 0
w 720 240 752 240 0
g 928 112 928 144 0 0
r 928 112 848 112 0 1000
w 848 112 752 112 3
w 752 112 752 176 0
w 576 112 688 112 0
g 784 192 784 224 0 0
a 320 192 448 192 8 12 -12 1000000 0 0 100000
r 320 112 384 112 0 95300
174 384 112 448 112 1 10000 0.5 Width
w 416 96 448 96 0
w 448 96 448 112 0
w 448 192 448 112 0
r 448 192 512 192 0 130000
r 544 192 544 256 0 1340
r 544 256 544 320 0 1000
g 544 320 544 336 0 0
w 544 192 656 192 2
w 320 176 272 176 0
w 320 112 320 176 0
r 272 176 192 176 0 100000
174 128 144 160 192 0 10000 0.9950000000000001 CV
g 96 144 96 160 0 0
w 128 144 96 144 0
R 128 208 128 240 0 0 40 10 0 0 0.5
w 160 176 192 176 2
g 320 208 320 240 0 0
w 720 368 656 368 2
w 512 192 544 192 0
d 720 464 720 368 2 default
174 480 464 544 448 1 1000 0.9950000000000001 Hi Freq
w 720 464 544 464 0
g 480 464 480 496 0 0
w 576 304 576 352 0
c 576 304 656 304 0 1e-9 0.001 0.001
w 656 304 656 368 0
r 512 448 512 192 0 1000000
o 50 16 0 4098 20 0.1 0 2 50 3
