$ 1 0.000005 18.278915558614752 17 5 43 5e-11
r 496 288 576 288 0 100000
a 656 304 752 304 8 15 -15 1000000 -0.000033082921763259375 0 100000
r 576 224 656 224 0 180000
w 576 224 576 288 0
g 656 320 656 352 0 0
174 656 224 752 224 1 10000 0.5 Width
w 752 224 752 304 0
w 704 208 704 192 0
w 704 192 752 192 0
w 752 192 752 224 0
x 660 179 755 182 4 11 Width\sprec.\strimmer
r 752 304 848 304 0 6200
r 848 304 848 384 0 4.3
r 848 384 848 448 0 109.73
g 848 448 848 464 0 0
R 416 320 416 352 0 0 40 10 0 0 0.5
t 848 304 1072 304 0 1 0.05972434379838423 0.48116663790991465 100 default
t 1184 304 1136 304 0 1 0.00005180323100437374 0.4214330417890413 100 default
r 1104 384 1104 448 0 1500
w 1072 320 1072 352 0
w 1072 352 1104 352 0
w 1136 320 1136 352 0
w 1136 352 1104 352 0
g 1184 304 1184 336 0 0
w 1136 256 1136 288 0
t 1072 464 1104 464 0 -1 4.050629853514019 -0.48361576442914206 100 default
r 912 256 912 192 0 1000000
R 912 192 912 160 0 0 40 12 0 0 0.5
w 1072 256 1072 288 0
r 1072 464 992 464 0 1500
a 912 464 992 464 8 12 -12 1000000 0.000009252322489158769 0 100000
g 912 480 912 512 0 0
c 912 400 992 400 0 1e-9 0.925241501238366 0.001
w 992 400 992 464 0
w 912 448 912 400 0
w 1072 256 912 256 0
w 912 256 912 400 0
174 1104 576 1104 624 1 1000 0.9851000000000001 V/Oct LIN
r 1104 512 1104 576 0 510
R 1104 640 1104 688 0 0 40 -5 0 0 0.5
w 1104 576 1136 576 0
w 1136 576 1136 608 0
w 1136 608 1120 608 0
w 1104 480 1104 512 0
w 576 288 656 288 0
w 1104 512 992 512 2
w 992 512 992 592 0
r 992 592 576 592 0 150000
w 576 592 576 288 0
174 416 256 416 320 0 10000 0.005 CV
g 384 256 384 272 0 0
w 432 592 496 592 2
w 416 256 384 256 0
w 1104 384 1104 352 1
R 496 96 464 96 0 0 40 -1.109 0 0 0.5
x 372 206 495 209 4 11 Base\sbias\s(prec.\strimmer)
r 496 96 576 96 0 100000
w 1104 512 1152 512 2
x 1164 515 1176 518 4 11 Vc
x 1127 569 1144 572 4 11 Rhf
O 1424 272 1424 336 0 0
w 1552 144 1552 192 0
w 1680 144 1680 192 0
r 1552 144 1680 144 0 330000
w 1680 96 1680 144 0
w 1360 96 1680 96 0
g 1680 336 1680 368 0 0
r 1680 256 1680 336 0 2200
w 1680 192 1680 256 0
w 1552 192 1552 272 0
c 1552 192 1680 192 0 2.1999999999999998e-11 18.918900703044148 0.001
r 1424 272 1552 272 0 22000
R 1552 240 1520 240 0 0 40 5 0 0 0.5
a 1552 256 1680 256 8 15 -15 1000000 5 3.9187925973038773 100000
w 1424 192 1424 272 0
w 1424 128 1424 192 0
w 1376 128 1424 128 0
w 1296 192 1296 256 0
w 1296 128 1296 192 0
w 1344 128 1296 128 0
j 1360 96 1360 128 32 -4 0.00125
c 1296 192 1424 192 0 2.2000000000000003e-9 -5.180374903668379 0.001
g 1296 288 1296 336 0 0
a 1296 272 1424 272 8 15 -15 1000000 -0.00005180323100437374 0 100000
w 1296 256 1136 256 1
x 437 316 452 319 4 11 CV
x 776 420 831 423 4 11 KTY81-120
x 771 347 833 350 4 11 1.34k\s(0.1%)
R 496 288 496 256 0 0 40 0 0 0 0.5
r 576 144 656 144 0 200000
w 656 144 656 224 0
w 576 144 576 224 0
w 848 304 848 224 2
o 60 32 0 4362 12.674627213630664 0.0001 0 1
