$ 1 0.000005 7.010541234668786 70 5 43 5e-11
O 1424 272 1424 336 0 0
w 1504 144 1504 192 0
w 1680 144 1680 192 0
r 1504 144 1680 144 0 330000
w 1680 96 1680 144 0
g 1680 336 1680 368 0 0
w 1680 192 1680 256 0
w 1504 192 1504 272 0
c 1504 192 1680 192 0 2.1999999999999998e-11 4.70657899917475 0.001
r 1424 272 1504 272 0 22000
a 1552 256 1680 256 8 12 -12 1000000 4.799999411998637 -7.294630451811631 100000
w 1424 192 1424 272 0
w 1424 128 1424 192 0
w 1296 192 1296 256 0
w 1296 128 1296 192 0
c 1296 192 1424 192 0 2.2000000000000003e-9 6.980566100038337 0.001
g 1296 288 1296 336 0 0
a 1296 272 1424 272 8 12 -12 1000000 0.00006980496295075387 0 100000
j 1408 96 1408 128 32 -4 0.00125
w 1680 96 1408 96 0
r 1680 256 1680 336 0 2200
w 1536 560 1536 240 0
R 784 608 720 608 0 4 200 5 0 0 0.5
c 1088 624 1008 624 0 1e-9 12.000180229620392 0.001
w 1536 560 1648 512 0
R 2272 -96 2272 -144 0 0 40 -12 0 0 0.5
r 2272 -32 2480 -32 0 22000
w 1392 128 1296 128 0
t 2192 -16 2272 -16 0 -1 -0.01825724465440462 11.98174152300795 100 default
r 2272 -96 2272 -32 0 100000
g 2272 0 2272 48 0 0
w 1088 624 1184 624 0
d 1088 688 1088 624 2 default
g 1088 688 1088 720 0 0
r 1296 256 1088 256 0 3300000
R 1088 256 1088 336 0 0 40 -5 0 0 0.5
R 1328 480 1328 432 0 0 40 12 0 0 0.5
r 1328 480 1328 560 0 150000
r 1328 560 1328 640 0 100000
w 1328 560 1536 560 0
g 1328 640 1328 672 0 0
w 1328 560 1248 560 0
t 1184 624 1248 624 0 1 -4.799991079469147 0.000008332529489928376 100 default
g 1184 704 1184 736 0 0
r 1184 624 1184 704 0 47000
w 1248 560 1248 608 0
g 1248 640 1248 688 0 0
a 896 624 1008 624 9 12 -12 1000000 -1.090909090909091 -2.8099999999185385 100000
w 784 608 896 608 0
r 784 608 784 704 0 1000000
r 832 640 832 704 0 10000
w 784 704 832 704 0
g 784 704 784 736 0 0
w 832 640 896 640 0
r 896 640 896 736 0 100000
R 896 736 896 768 0 0 40 -12 0 0 0.5
w 1552 272 1504 272 0
w 1536 240 1552 240 0
o 0 16 0 4362 20 0.1 0 2 24 3
o 24 16 0 12554 4.799999414357506 0.0001 1 2 24 3
