$ 1 0.000005 10.20027730826997 50 5 43 5e-11
w 816 272 816 192 0
w 816 336 768 336 0
w 768 272 816 272 0
w 816 192 816 112 2
w 544 32 544 112 0
w 624 32 624 112 0
r 544 -16 624 -16 0 200000
R 464 176 464 144 0 0 40 1 0 0 0.5
x 529 316 744 319 4 11 In\s||\swith\s10kΩ\s50ppm/C\s\q\s5kΩ\s3325\sPPM/C
x 654 280 754 297 4 11 TMP6131QDECTQ1\\n10kΩ\sthermistor
w 544 176 624 176 0
g 816 336 816 352 0 0
r 816 272 816 336 0 10000
r 768 272 768 336 0 10000
r 720 192 816 192 0 270000
w 720 80 720 112 0
w 672 80 720 80 0
w 672 96 672 80 0
w 720 112 720 192 0
174 624 112 720 112 1 10000 0.9950000000000001 TMP61 Width
g 624 208 624 240 0 0
w 544 112 544 176 0
r 544 112 624 112 0 91000
a 624 192 720 192 8 15 -15 1000000 0.00001009479714505137 0 100000
r 464 176 544 176 0 100000
x 964 189 1039 206 4 11 Width\sin\smiddle\\n-17.454mV
x 887 189 944 206 4 11 Width\sCCW\\n-16.554mV
x 1056 189 1109 206 4 11 Width\sCW\\n-18.354mV
x 1058 636 1107 653 4 11 Width\sCW\\n-18.51mV
x 965 635 1028 652 4 11 Width\smiddle\\n-17.617mV
x 882 636 939 653 4 11 Width\sCCW\\n-16.76mV
r 464 624 544 624 0 100000
a 624 640 720 640 8 15 -15 1000000 0.000010468469934721059 0 100000
r 544 560 624 560 0 180000
w 544 560 544 624 0
g 624 656 624 688 0 0
174 624 560 720 560 1 10000 0.9950000000000001 KTY81 Width
w 720 560 720 640 0
w 672 544 672 528 0
w 672 528 720 528 0
w 720 528 720 560 0
r 720 640 816 640 0 130000
r 816 640 816 704 0 1340
r 816 704 816 768 0 1000
g 816 768 816 784 0 0
w 544 624 624 624 0
x 727 725 799 742 4 11 KTY81-120\\n1kΩ\sthermistor
x 571 760 797 763 4 11 In\s||\swith\s1.34k\s50ppm/C\s\q\s2.34kΩ\s3404ppm/C
R 464 624 464 592 0 0 40 1 0 0 0.5
r 544 480 624 480 0 200000
w 624 480 624 560 0
w 544 480 544 560 0
w 816 640 816 560 2
x 690 26 759 29 4 16 TMP6131
x 692 470 772 473 4 16 KTY81-120
x 936 42 1074 45 4 11 Ideal\s@\s25C\s1V\s->\s17.82mV
x 888 236 1109 253 4 11 If\sthis\srange\sis\snot\senough,\sincrease\sthe\swidth\\ntrimmer\sto\s20kΩ
